2000511
2000719
2001532
2001908
2001975
2002146
2002269
2002533
2002798
2003157
2003322
2003976
2004237
2004253
2005810
2005861
2006211
2006375
2006394
2006627
2007055
2007419
2008871
2009553
2009871
2012431
2012536
2013306
2016333
2017299
2025747
2026150
2026558
2027130
2027497
2028378
2029260
2030323
2030608
2031726
2032090
2032949
2032956
2033232
2033396
2033470
2034205
2034676
2035009
2035447
2035565
2036182
2036968
2037251
2037609
2037924
2038466
2038890
2039908
2040287
2040352
2040613
2043895
2044423
2045272
2046371
2049417
2049687
2053884
2054355
2055211
2055480
2055634
2055795
2056158
2056323
