2001010
2001459
2001575
2002075
2002168
2002297
2003061
2003141
2003379
2003787
2004282
2004369
2004980
2005952
2006028
2006031
2006402
2006929
2007441
2007798
2007816
2008392
2009961
2013983
2014738
2024410
2025253
2025694
2026883
2028098
2028186
2031444
2032971
2033228
2033904
2034050
2034768
2036557
2038208
2038875
2039786
2040064
2041554
2044323
2044698
2046027
2046312
2047836
2047929
2051782
2055067
3005001
3010623
3021830
3027897
3030812
3031910
3041901
3059866
3062402
3086246
3087008
3092205
3096755
3100119
3100164
3100168
3100188
3100235
3100275
3100289
3100292
3100399
3100511
3100552
3100569
3100727
3100825
3100833
3100909
3100918
3100922
